{
 "cells": [
  {
   "cell_type": "code",
   "execution_count": 39,
   "id": "489b261e",
   "metadata": {},
   "outputs": [
    {
     "name": "stdout",
     "output_type": "stream",
     "text": [
      "[[255 255 255 ... 255 255 255]\n",
      " [255 255 255 ... 255 255 255]\n",
      " [255 255 255 ... 255 255 255]\n",
      " ...\n",
      " [255 255 255 ... 255 255 255]\n",
      " [255 255 255 ... 255 255 255]\n",
      " [255 255 255 ... 255 255 255]]\n"
     ]
    },
    {
     "data": {
      "text/plain": [
       "((207, 232, 232), (60, 60, 60), (370, 370))"
      ]
     },
     "execution_count": 39,
     "metadata": {},
     "output_type": "execute_result"
    }
   ],
   "source": [
    "import helpers.qr \n",
    "import helpers.wavelet\n",
    "import helpers.wm\n",
    "import helpers.plots\n",
    "import helpers.metrics\n",
    "\n",
    "#Original data\n",
    "import numpy as np\n",
    "#load .npy file\n",
    "data = np.load('../data/npy/smallPiston.npy')\n",
    "injector = np.load('../data/npy/injector.npy')\n",
    "\n",
    "#Watermark data \n",
    "watermark= helpers.qr.qrToArray('../data/qr/qr_code.png')\n",
    "\n",
    "data.shape, injector.shape, watermark.shape"
   ]
  },
  {
   "cell_type": "code",
   "execution_count": 15,
   "id": "540b03c0",
   "metadata": {},
   "outputs": [],
   "source": [
    "wavelist=helpers.wavelet.wavelist()\n",
    "\n",
    "wavelist= [\n",
    " 'bior6.8',\n",
    " 'coif17',\n",
    " 'db38',\n",
    " 'dmey',\n",
    " 'haar',]"
   ]
  },
  {
   "cell_type": "code",
   "execution_count": 16,
   "id": "091140ec",
   "metadata": {},
   "outputs": [],
   "source": [
    "watermarked_coeffs_dict_injector= {}\n",
    "alpha_value = 0.001\n",
    "\n",
    "for wavelet in wavelist: \n",
    "    watermarked_coeffs_dict_injector[wavelet] = helpers.wavelet.embedWatermarkAddition(injector, watermark, wavelet, alpha_value) \n",
    "\n"
   ]
  },
  {
   "cell_type": "code",
   "execution_count": 17,
   "id": "1c9718bf",
   "metadata": {},
   "outputs": [
    {
     "data": {
      "text/plain": [
       "{'aaa': array([[[517.46754789, 514.32348997, 521.00129991, ..., 521.00129991,\n",
       "          514.32348997, 517.46754789],\n",
       "         [514.32348997, 511.3289896 , 518.05047491, ..., 518.05047491,\n",
       "          511.3289896 , 514.32348997],\n",
       "         [521.00129991, 518.05047491, 523.3267338 , ..., 523.3267338 ,\n",
       "          518.05047491, 521.00129991],\n",
       "         ...,\n",
       "         [521.00129991, 518.05047491, 523.3267338 , ..., 523.3267338 ,\n",
       "          518.05047491, 521.00129991],\n",
       "         [514.32348997, 511.3289896 , 518.05047491, ..., 518.05047491,\n",
       "          511.3289896 , 514.32348997],\n",
       "         [517.46754789, 514.32348997, 521.00129991, ..., 521.00129991,\n",
       "          514.32348997, 517.46754789]],\n",
       " \n",
       "        [[508.25001586, 505.33518005, 511.44685739, ..., 511.44685739,\n",
       "          505.33518005, 508.25001586],\n",
       "         [505.33518005, 502.60754915, 508.67236891, ..., 508.67236891,\n",
       "          502.60754915, 505.33518005],\n",
       "         [511.44685739, 508.67236891, 513.72390457, ..., 513.72390457,\n",
       "          508.67236891, 511.44685739],\n",
       "         ...,\n",
       "         [511.44685739, 508.67236891, 513.72390457, ..., 513.72390457,\n",
       "          508.67236891, 511.44685739],\n",
       "         [505.33518005, 502.60754915, 508.67236891, ..., 508.67236891,\n",
       "          502.60754915, 505.33518005],\n",
       "         [508.25001586, 505.33518005, 511.44685739, ..., 511.44685739,\n",
       "          505.33518005, 508.25001586]],\n",
       " \n",
       "        [[513.49492008, 510.45254473, 516.88214418, ..., 516.88214418,\n",
       "          510.45254473, 513.49492008],\n",
       "         [510.45254473, 507.57003531, 514.00719559, ..., 514.00719559,\n",
       "          507.57003531, 510.45254473],\n",
       "         [516.88214418, 514.00719559, 519.26368623, ..., 519.26368623,\n",
       "          514.00719559, 516.88214418],\n",
       "         ...,\n",
       "         [516.88214418, 514.00719559, 519.26368623, ..., 519.26368623,\n",
       "          514.00719559, 516.88214418],\n",
       "         [510.45254473, 507.57003531, 514.00719559, ..., 514.00719559,\n",
       "          507.57003531, 510.45254473],\n",
       "         [513.49492008, 510.45254473, 516.88214418, ..., 516.88214418,\n",
       "          510.45254473, 513.49492008]],\n",
       " \n",
       "        ...,\n",
       " \n",
       "        [[339.30455371, 340.62561388, 336.21726414, ..., 336.21726414,\n",
       "          340.62561388, 339.30455371],\n",
       "         [340.62561388, 342.94220042, 336.73608704, ..., 336.73608704,\n",
       "          342.94220042, 340.62561388],\n",
       "         [336.21726414, 336.73608704, 336.31654097, ..., 336.31654097,\n",
       "          336.73608704, 336.21726414],\n",
       "         ...,\n",
       "         [336.21726414, 336.73608704, 336.31654097, ..., 336.31654097,\n",
       "          336.73608704, 336.21726414],\n",
       "         [340.62561388, 342.94220042, 336.73608704, ..., 336.73608704,\n",
       "          342.94220042, 340.62561388],\n",
       "         [339.30455371, 340.62561388, 336.21726414, ..., 336.21726414,\n",
       "          340.62561388, 339.30455371]],\n",
       " \n",
       "        [[528.47911855, 525.02836909, 532.46809991, ..., 532.46809991,\n",
       "          525.02836909, 528.47911855],\n",
       "         [525.02836909, 521.6729765 , 529.28261766, ..., 529.28261766,\n",
       "          521.6729765 , 525.02836909],\n",
       "         [532.46809991, 529.28261766, 534.87111564, ..., 534.87111564,\n",
       "          529.28261766, 532.46809991],\n",
       "         ...,\n",
       "         [532.46809991, 529.28261766, 534.87111564, ..., 534.87111564,\n",
       "          529.28261766, 532.46809991],\n",
       "         [525.02836909, 521.6729765 , 529.28261766, ..., 529.28261766,\n",
       "          521.6729765 , 525.02836909],\n",
       "         [528.47911855, 525.02836909, 532.46809991, ..., 532.46809991,\n",
       "          525.02836909, 528.47911855]],\n",
       " \n",
       "        [[502.91704666, 500.15103223, 505.88611673, ..., 505.88611673,\n",
       "          500.15103223, 502.91704666],\n",
       "         [500.15103223, 497.61242421, 503.23009018, ..., 503.23009018,\n",
       "          497.61242421, 500.15103223],\n",
       "         [505.88611673, 503.23009018, 507.96318317, ..., 507.96318317,\n",
       "          503.23009018, 505.88611673],\n",
       "         ...,\n",
       "         [505.88611673, 503.23009018, 507.96318317, ..., 507.96318317,\n",
       "          503.23009018, 505.88611673],\n",
       "         [500.15103223, 497.61242421, 503.23009018, ..., 503.23009018,\n",
       "          497.61242421, 500.15103223],\n",
       "         [502.91704666, 500.15103223, 505.88611673, ..., 505.88611673,\n",
       "          500.15103223, 502.91704666]]]),\n",
       " 'aad': array([[[-1.21542275,  3.46803806, -5.99175713, ...,  3.46803806,\n",
       "          -1.21542275,  0.97325299],\n",
       "         [-0.97738654,  3.14673854, -6.76780867, ...,  3.14673854,\n",
       "          -0.97738654,  0.77411917],\n",
       "         [-1.42770631,  3.75322471, -4.60828129, ...,  3.75322471,\n",
       "          -1.42770631,  1.10601883],\n",
       "         ...,\n",
       "         [-1.42770631,  3.75322471, -4.60828129, ...,  3.75322471,\n",
       "          -1.42770631,  1.10601883],\n",
       "         [-0.97738654,  3.14673854, -6.76780867, ...,  3.14673854,\n",
       "          -0.97738654,  0.77411917],\n",
       "         [-1.21542275,  3.46803806, -5.99175713, ...,  3.46803806,\n",
       "          -1.21542275,  0.97325299]],\n",
       " \n",
       "        [[-1.13771091,  3.34793966, -5.94989363, ...,  3.34793966,\n",
       "          -1.13771091,  0.88976444],\n",
       "         [-0.94597116,  3.15024494, -6.6245776 , ...,  3.15024494,\n",
       "          -0.94597116,  0.72213522],\n",
       "         [-1.15657654,  3.21864941, -4.16181321, ...,  3.21864941,\n",
       "          -1.15657654,  0.8871166 ],\n",
       "         ...,\n",
       "         [-1.15657654,  3.21864941, -4.16181321, ...,  3.21864941,\n",
       "          -1.15657654,  0.8871166 ],\n",
       "         [-0.94597116,  3.15024494, -6.6245776 , ...,  3.15024494,\n",
       "          -0.94597116,  0.72213522],\n",
       "         [-1.13771091,  3.34793966, -5.94989363, ...,  3.34793966,\n",
       "          -1.13771091,  0.88976444]],\n",
       " \n",
       "        [[-1.17781553,  3.40920772, -5.94677332, ...,  3.40920772,\n",
       "          -1.17781553,  0.93379349],\n",
       "         [-0.95928327,  3.14265862, -6.69609496, ...,  3.14265862,\n",
       "          -0.95928327,  0.74822797],\n",
       "         [-1.31973772,  3.53278431, -4.42578374, ...,  3.53278431,\n",
       "          -1.31973772,  1.01869609],\n",
       "         ...,\n",
       "         [-1.31973772,  3.53278431, -4.42578374, ...,  3.53278431,\n",
       "          -1.31973772,  1.01869609],\n",
       "         [-0.95928327,  3.14265862, -6.69609496, ...,  3.14265862,\n",
       "          -0.95928327,  0.74822797],\n",
       "         [-1.17781553,  3.40920772, -5.94677332, ...,  3.40920772,\n",
       "          -1.17781553,  0.93379349]],\n",
       " \n",
       "        ...,\n",
       " \n",
       "        [[ 0.24464653,  1.23705728, -5.66439871, ...,  1.23705728,\n",
       "           0.24464653, -0.61396824],\n",
       "         [-0.43981703,  3.33658024, -4.15552615, ...,  3.33658024,\n",
       "          -0.43981703, -0.19061173],\n",
       "         [ 4.07914749, -6.96987169,  4.3618335 , ..., -6.96987169,\n",
       "           4.07914749, -3.33790773],\n",
       "         ...,\n",
       "         [ 4.07914749, -6.96987169,  4.3618335 , ..., -6.96987169,\n",
       "           4.07914749, -3.33790773],\n",
       "         [-0.43981703,  3.33658024, -4.15552615, ...,  3.33658024,\n",
       "          -0.43981703, -0.19061173],\n",
       "         [ 0.24464653,  1.23705728, -5.66439871, ...,  1.23705728,\n",
       "           0.24464653, -0.61396824]],\n",
       " \n",
       "        [[-1.3181318 ,  3.62110993, -6.02274119, ...,  3.62110993,\n",
       "          -1.3181318 ,  1.08497071],\n",
       "         [-1.01653465,  3.12966855, -6.94090754, ...,  3.12966855,\n",
       "          -1.01653465,  0.84278299],\n",
       "         [-1.8013251 ,  4.48482294, -5.21459803, ...,  4.48482294,\n",
       "          -1.8013251 ,  1.40779238],\n",
       "         ...,\n",
       "         [-1.8013251 ,  4.48482294, -5.21459803, ...,  4.48482294,\n",
       "          -1.8013251 ,  1.40779238],\n",
       "         [-1.01653465,  3.12966855, -6.94090754, ...,  3.12966855,\n",
       "          -1.01653465,  0.84278299],\n",
       "         [-1.3181318 ,  3.62110993, -6.02274119, ...,  3.62110993,\n",
       "          -1.3181318 ,  1.08497071]],\n",
       " \n",
       "        [[-1.09457234,  3.28655362, -5.99404182, ...,  3.28655362,\n",
       "          -1.09457234,  0.8405482 ],\n",
       "         [-0.9361111 ,  3.17248701, -6.56094501, ...,  3.17248701,\n",
       "          -0.9361111 ,  0.69482058],\n",
       "         [-0.94786132,  2.82613112, -3.83384003, ...,  2.82613112,\n",
       "          -0.94786132,  0.7188354 ],\n",
       "         ...,\n",
       "         [-0.94786132,  2.82613112, -3.83384003, ...,  2.82613112,\n",
       "          -0.94786132,  0.7188354 ],\n",
       "         [-0.9361111 ,  3.17248701, -6.56094501, ...,  3.17248701,\n",
       "          -0.9361111 ,  0.69482058],\n",
       "         [-1.09457234,  3.28655362, -5.99404182, ...,  3.28655362,\n",
       "          -1.09457234,  0.8405482 ]]]),\n",
       " 'ada': array([[[-1.21542275, -0.97738654, -1.42770631, ..., -1.42770631,\n",
       "          -0.97738654, -1.21542275],\n",
       "         [ 3.46803806,  3.14673854,  3.75322471, ...,  3.75322471,\n",
       "           3.14673854,  3.46803806],\n",
       "         [-5.99175713, -6.76780867, -4.60828129, ..., -4.60828129,\n",
       "          -6.76780867, -5.99175713],\n",
       "         ...,\n",
       "         [ 3.46803806,  3.14673854,  3.75322471, ...,  3.75322471,\n",
       "           3.14673854,  3.46803806],\n",
       "         [-1.21542275, -0.97738654, -1.42770631, ..., -1.42770631,\n",
       "          -0.97738654, -1.21542275],\n",
       "         [ 0.97325299,  0.77411917,  1.10601883, ...,  1.10601883,\n",
       "           0.77411917,  0.97325299]],\n",
       " \n",
       "        [[-1.13771091, -0.94597116, -1.15657654, ..., -1.15657654,\n",
       "          -0.94597116, -1.13771091],\n",
       "         [ 3.34793966,  3.15024494,  3.21864941, ...,  3.21864941,\n",
       "           3.15024494,  3.34793966],\n",
       "         [-5.94989363, -6.6245776 , -4.16181321, ..., -4.16181321,\n",
       "          -6.6245776 , -5.94989363],\n",
       "         ...,\n",
       "         [ 3.34793966,  3.15024494,  3.21864941, ...,  3.21864941,\n",
       "           3.15024494,  3.34793966],\n",
       "         [-1.13771091, -0.94597116, -1.15657654, ..., -1.15657654,\n",
       "          -0.94597116, -1.13771091],\n",
       "         [ 0.88976444,  0.72213522,  0.8871166 , ...,  0.8871166 ,\n",
       "           0.72213522,  0.88976444]],\n",
       " \n",
       "        [[-1.17781553, -0.95928327, -1.31973772, ..., -1.31973772,\n",
       "          -0.95928327, -1.17781553],\n",
       "         [ 3.40920772,  3.14265862,  3.53278431, ...,  3.53278431,\n",
       "           3.14265862,  3.40920772],\n",
       "         [-5.94677332, -6.69609496, -4.42578374, ..., -4.42578374,\n",
       "          -6.69609496, -5.94677332],\n",
       "         ...,\n",
       "         [ 3.40920772,  3.14265862,  3.53278431, ...,  3.53278431,\n",
       "           3.14265862,  3.40920772],\n",
       "         [-1.17781553, -0.95928327, -1.31973772, ..., -1.31973772,\n",
       "          -0.95928327, -1.17781553],\n",
       "         [ 0.93379349,  0.74822797,  1.01869609, ...,  1.01869609,\n",
       "           0.74822797,  0.93379349]],\n",
       " \n",
       "        ...,\n",
       " \n",
       "        [[ 0.24464653, -0.43981703,  4.07914749, ...,  4.07914749,\n",
       "          -0.43981703,  0.24464653],\n",
       "         [ 1.23705728,  3.33658024, -6.96987169, ..., -6.96987169,\n",
       "           3.33658024,  1.23705728],\n",
       "         [-5.66439871, -4.15552615,  4.3618335 , ...,  4.3618335 ,\n",
       "          -4.15552615, -5.66439871],\n",
       "         ...,\n",
       "         [ 1.23705728,  3.33658024, -6.96987169, ..., -6.96987169,\n",
       "           3.33658024,  1.23705728],\n",
       "         [ 0.24464653, -0.43981703,  4.07914749, ...,  4.07914749,\n",
       "          -0.43981703,  0.24464653],\n",
       "         [-0.61396824, -0.19061173, -3.33790773, ..., -3.33790773,\n",
       "          -0.19061173, -0.61396824]],\n",
       " \n",
       "        [[-1.3181318 , -1.01653465, -1.8013251 , ..., -1.8013251 ,\n",
       "          -1.01653465, -1.3181318 ],\n",
       "         [ 3.62110993,  3.12966855,  4.48482294, ...,  4.48482294,\n",
       "           3.12966855,  3.62110993],\n",
       "         [-6.02274119, -6.94090754, -5.21459803, ..., -5.21459803,\n",
       "          -6.94090754, -6.02274119],\n",
       "         ...,\n",
       "         [ 3.62110993,  3.12966855,  4.48482294, ...,  4.48482294,\n",
       "           3.12966855,  3.62110993],\n",
       "         [-1.3181318 , -1.01653465, -1.8013251 , ..., -1.8013251 ,\n",
       "          -1.01653465, -1.3181318 ],\n",
       "         [ 1.08497071,  0.84278299,  1.40779238, ...,  1.40779238,\n",
       "           0.84278299,  1.08497071]],\n",
       " \n",
       "        [[-1.09457234, -0.9361111 , -0.94786132, ..., -0.94786132,\n",
       "          -0.9361111 , -1.09457234],\n",
       "         [ 3.28655362,  3.17248701,  2.82613112, ...,  2.82613112,\n",
       "           3.17248701,  3.28655362],\n",
       "         [-5.99404182, -6.56094501, -3.83384003, ..., -3.83384003,\n",
       "          -6.56094501, -5.99404182],\n",
       "         ...,\n",
       "         [ 3.28655362,  3.17248701,  2.82613112, ...,  2.82613112,\n",
       "           3.17248701,  3.28655362],\n",
       "         [-1.09457234, -0.9361111 , -0.94786132, ..., -0.94786132,\n",
       "          -0.9361111 , -1.09457234],\n",
       "         [ 0.8405482 ,  0.69482058,  0.7188354 , ...,  0.7188354 ,\n",
       "           0.69482058,  0.8405482 ]]]),\n",
       " 'add': array([[[ 0.32598173, -0.4766067 , -0.29236386, ..., -0.4766067 ,\n",
       "           0.32598173, -0.29259862],\n",
       "         [-0.4766067 ,  0.69700196,  0.80018932, ...,  0.69700196,\n",
       "          -0.4766067 ,  0.43843447],\n",
       "         [-0.29236386,  0.80018932, -4.44564873, ...,  0.80018932,\n",
       "          -0.29236386,  0.19885284],\n",
       "         ...,\n",
       "         [-0.4766067 ,  0.69700196,  0.80018932, ...,  0.69700196,\n",
       "          -0.4766067 ,  0.43843447],\n",
       "         [ 0.32598173, -0.4766067 , -0.29236386, ..., -0.4766067 ,\n",
       "           0.32598173, -0.29259862],\n",
       "         [-0.29259862,  0.43843447,  0.19885284, ...,  0.43843447,\n",
       "          -0.29259862,  0.25717532]],\n",
       " \n",
       "        [[ 0.2456185 , -0.30881589, -0.30044184, ..., -0.30881589,\n",
       "           0.2456185 , -0.22709436],\n",
       "         [-0.30881589,  0.36785658,  0.98051258, ...,  0.36785658,\n",
       "          -0.30881589,  0.3001028 ],\n",
       "         [-0.30044184,  0.98051258, -3.99977596, ...,  0.98051258,\n",
       "          -0.30044184,  0.19473117],\n",
       "         ...,\n",
       "         [-0.30881589,  0.36785658,  0.98051258, ...,  0.36785658,\n",
       "          -0.30881589,  0.3001028 ],\n",
       "         [ 0.2456185 , -0.30881589, -0.30044184, ..., -0.30881589,\n",
       "           0.2456185 , -0.22709436],\n",
       "         [-0.22709436,  0.3001028 ,  0.19473117, ...,  0.3001028 ,\n",
       "          -0.22709436,  0.20434613]],\n",
       " \n",
       "        [[ 0.29372127, -0.40869359, -0.29615553, ..., -0.40869359,\n",
       "           0.29372127, -0.26625936],\n",
       "         [-0.40869359,  0.56637315,  0.89805448, ...,  0.56637315,\n",
       "          -0.40869359,  0.38208668],\n",
       "         [-0.29615553,  0.89805448, -4.26307073, ...,  0.89805448,\n",
       "          -0.29615553,  0.19793811],\n",
       "         ...,\n",
       "         [-0.40869359,  0.56637315,  0.89805448, ...,  0.56637315,\n",
       "          -0.40869359,  0.38208668],\n",
       "         [ 0.29372127, -0.40869359, -0.29615553, ..., -0.40869359,\n",
       "           0.29372127, -0.26625936],\n",
       "         [-0.26625936,  0.38208668,  0.19793811, ...,  0.38208668,\n",
       "          -0.26625936,  0.23589607]],\n",
       " \n",
       "        ...,\n",
       " \n",
       "        [[-1.30276294,  2.91649144, -0.44967367, ...,  2.91649144,\n",
       "          -1.30276294,  1.0340349 ],\n",
       "         [ 2.91649144, -6.00443969,  4.04168295, ..., -6.00443969,\n",
       "           2.91649144, -2.35255369],\n",
       "         [-0.44967367,  4.04168295,  4.50842382, ...,  4.04168295,\n",
       "          -0.44967367,  0.10449415],\n",
       "         ...,\n",
       "         [ 2.91649144, -6.00443969,  4.04168295, ..., -6.00443969,\n",
       "           2.91649144, -2.35255369],\n",
       "         [-1.30276294,  2.91649144, -0.44967367, ...,  2.91649144,\n",
       "          -1.30276294,  1.0340349 ],\n",
       "         [ 1.0340349 , -2.35255369,  0.10449415, ..., -2.35255369,\n",
       "           1.0340349 , -0.81196088]],\n",
       " \n",
       "        [[ 0.43699647, -0.70896599, -0.28021391, ..., -0.70896599,\n",
       "           0.43699647, -0.38298372],\n",
       "         [-0.70896599,  1.15424975,  0.55190303, ...,  1.15424975,\n",
       "          -0.70896599,  0.6297554 ],\n",
       "         [-0.28021391,  0.55190303, -5.05161969, ...,  0.55190303,\n",
       "          -0.28021391,  0.20409501],\n",
       "         ...,\n",
       "         [-0.70896599,  1.15424975,  0.55190303, ...,  1.15424975,\n",
       "          -0.70896599,  0.6297554 ],\n",
       "         [ 0.43699647, -0.70896599, -0.28021391, ..., -0.70896599,\n",
       "           0.43699647, -0.38298372],\n",
       "         [-0.38298372,  0.6297554 ,  0.20409501, ...,  0.6297554 ,\n",
       "          -0.38298372,  0.32998896]],\n",
       " \n",
       "        [[ 0.18410318, -0.18113934, -0.30616215, ..., -0.18113934,\n",
       "           0.18410318, -0.17711278],\n",
       "         [-0.18113934,  0.11108447,  1.06547662, ...,  0.11108447,\n",
       "          -0.18113934,  0.19574477],\n",
       "         [-0.30616215,  1.06547662, -3.67259547, ...,  1.06547662,\n",
       "          -0.30616215,  0.19035565],\n",
       "         ...,\n",
       "         [-0.18113934,  0.11108447,  1.06547662, ...,  0.11108447,\n",
       "          -0.18113934,  0.19574477],\n",
       "         [ 0.18410318, -0.18113934, -0.30616215, ..., -0.18113934,\n",
       "           0.18410318, -0.17711278],\n",
       "         [-0.17711278,  0.19574477,  0.19035565, ...,  0.19574477,\n",
       "          -0.17711278,  0.16416677]]]),\n",
       " 'daa': array([[[  5.79931536,   5.65550747,   6.00167827, ...,   6.00167827,\n",
       "            5.65550747,   5.79931536],\n",
       "         [  5.65550747,   5.5062851 ,   5.89706148, ...,   5.89706148,\n",
       "            5.5062851 ,   5.65550747],\n",
       "         [  6.00167827,   5.89706148,   5.81951109, ...,   5.81951109,\n",
       "            5.89706148,   6.00167827],\n",
       "         ...,\n",
       "         [  6.00167827,   5.89706148,   5.81951109, ...,   5.81951109,\n",
       "            5.89706148,   6.00167827],\n",
       "         [  5.65550747,   5.5062851 ,   5.89706148, ...,   5.89706148,\n",
       "            5.5062851 ,   5.65550747],\n",
       "         [  5.79931536,   5.65550747,   6.00167827, ...,   6.00167827,\n",
       "            5.65550747,   5.79931536]],\n",
       " \n",
       "        [[ -2.82328659,  -2.73873481,  -2.94063945, ...,  -2.94063945,\n",
       "           -2.73873481,  -2.82328659],\n",
       "         [ -2.73873481,  -2.65660966,  -2.88212293, ...,  -2.88212293,\n",
       "           -2.65660966,  -2.73873481],\n",
       "         [ -2.94063945,  -2.88212293,  -2.75373628, ...,  -2.75373628,\n",
       "           -2.88212293,  -2.94063945],\n",
       "         ...,\n",
       "         [ -2.94063945,  -2.88212293,  -2.75373628, ...,  -2.75373628,\n",
       "           -2.88212293,  -2.94063945],\n",
       "         [ -2.73873481,  -2.65660966,  -2.88212293, ...,  -2.88212293,\n",
       "           -2.65660966,  -2.73873481],\n",
       "         [ -2.82328659,  -2.73873481,  -2.94063945, ...,  -2.94063945,\n",
       "           -2.73873481,  -2.82328659]],\n",
       " \n",
       "        [[  2.16115793,   2.10319148,   2.23254344, ...,   2.23254344,\n",
       "            2.10319148,   2.16115793],\n",
       "         [  2.10319148,   2.0643962 ,   2.19780372, ...,   2.19780372,\n",
       "            2.0643962 ,   2.10319148],\n",
       "         [  2.23254344,   2.19780372,   1.90509257, ...,   1.90509257,\n",
       "            2.19780372,   2.23254344],\n",
       "         ...,\n",
       "         [  2.23254344,   2.19780372,   1.90509257, ...,   1.90509257,\n",
       "            2.19780372,   2.23254344],\n",
       "         [  2.10319148,   2.0643962 ,   2.19780372, ...,   2.19780372,\n",
       "            2.0643962 ,   2.10319148],\n",
       "         [  2.16115793,   2.10319148,   2.23254344, ...,   2.23254344,\n",
       "            2.10319148,   2.16115793]],\n",
       " \n",
       "        ...,\n",
       " \n",
       "        [[-58.3705344 , -56.87169186, -60.59625742, ..., -60.59625742,\n",
       "          -56.87169186, -58.3705344 ],\n",
       "         [-56.87169186, -55.08807119, -59.43407104, ..., -59.43407104,\n",
       "          -55.08807119, -56.87169186],\n",
       "         [-60.59625742, -59.43407104, -61.3182428 , ..., -61.3182428 ,\n",
       "          -59.43407104, -60.59625742],\n",
       "         ...,\n",
       "         [-60.59625742, -59.43407104, -61.3182428 , ..., -61.3182428 ,\n",
       "          -59.43407104, -60.59625742],\n",
       "         [-56.87169186, -55.08807119, -59.43407104, ..., -59.43407104,\n",
       "          -55.08807119, -56.87169186],\n",
       "         [-58.3705344 , -56.87169186, -60.59625742, ..., -60.59625742,\n",
       "          -56.87169186, -58.3705344 ]],\n",
       " \n",
       "        [[ 16.8597194 ,  16.42372647,  17.50748869, ...,  17.50748869,\n",
       "           16.42372647,  16.8597194 ],\n",
       "         [ 16.42372647,  15.90468322,  17.16958429, ...,  17.16958429,\n",
       "           15.90468322,  16.42372647],\n",
       "         [ 17.50748869,  17.16958429,  17.71709719, ...,  17.71709719,\n",
       "           17.16958429,  17.50748869],\n",
       "         ...,\n",
       "         [ 17.50748869,  17.16958429,  17.71709719, ...,  17.71709719,\n",
       "           17.16958429,  17.50748869],\n",
       "         [ 16.42372647,  15.90468322,  17.16958429, ...,  17.16958429,\n",
       "           15.90468322,  16.42372647],\n",
       "         [ 16.8597194 ,  16.42372647,  17.50748869, ...,  17.50748869,\n",
       "           16.42372647,  16.8597194 ]],\n",
       " \n",
       "        [[ -8.6618078 ,  -8.43639679,  -8.99644143, ...,  -8.99644143,\n",
       "           -8.43639679,  -8.6618078 ],\n",
       "         [ -8.43639679,  -8.16880585,  -8.82209988, ...,  -8.82209988,\n",
       "           -8.16880585,  -8.43639679],\n",
       "         [ -8.99644143,  -8.82209988,  -9.09462491, ...,  -9.09462491,\n",
       "           -8.82209988,  -8.99644143],\n",
       "         ...,\n",
       "         [ -8.99644143,  -8.82209988,  -9.09462491, ...,  -9.09462491,\n",
       "           -8.82209988,  -8.99644143],\n",
       "         [ -8.43639679,  -8.16880585,  -8.82209988, ...,  -8.82209988,\n",
       "           -8.16880585,  -8.43639679],\n",
       "         [ -8.6618078 ,  -8.43639679,  -8.99644143, ...,  -8.99644143,\n",
       "           -8.43639679,  -8.6618078 ]]]),\n",
       " 'dad': array([[[-0.05752843,  0.09223858, -0.10378974, ...,  0.09223858,\n",
       "          -0.05752843,  0.05891632],\n",
       "         [-0.03167516,  0.01609958, -0.11655561, ...,  0.01609958,\n",
       "          -0.03167516,  0.04047496],\n",
       "         [-0.13418623,  0.28623943, -0.23589162, ...,  0.28623943,\n",
       "          -0.13418623,  0.10871718],\n",
       "         ...,\n",
       "         [-0.13418623,  0.28623943, -0.23589162, ...,  0.28623943,\n",
       "          -0.13418623,  0.10871718],\n",
       "         [-0.03167516,  0.01609958, -0.11655561, ...,  0.01609958,\n",
       "          -0.03167516,  0.04047496],\n",
       "         [-0.05752843,  0.09223858, -0.10378974, ...,  0.09223858,\n",
       "          -0.05752843,  0.05891632]],\n",
       " \n",
       "        [[ 0.03678763, -0.05761381,  0.08100063, ..., -0.05761381,\n",
       "           0.03678763, -0.03727771],\n",
       "         [ 0.02214607, -0.01127662,  0.07095475, ..., -0.01127662,\n",
       "           0.02214607, -0.02656329],\n",
       "         [ 0.06930903, -0.15585197,  0.12491381, ..., -0.15585197,\n",
       "           0.06930903, -0.05638962],\n",
       "         ...,\n",
       "         [ 0.06930903, -0.15585197,  0.12491381, ..., -0.15585197,\n",
       "           0.06930903, -0.05638962],\n",
       "         [ 0.02214607, -0.01127662,  0.07095475, ..., -0.01127662,\n",
       "           0.02214607, -0.02656329],\n",
       "         [ 0.03678763, -0.05761381,  0.08100063, ..., -0.05761381,\n",
       "           0.03678763, -0.03727771]],\n",
       " \n",
       "        [[-0.03356662,  0.05639038, -0.13147725, ...,  0.05639038,\n",
       "          -0.03356662,  0.03162316],\n",
       "         [-0.02674909,  0.02668729, -0.07637585, ...,  0.02668729,\n",
       "          -0.02674909,  0.02564997],\n",
       "         [-0.01245252,  0.05863255, -0.04317418, ...,  0.05863255,\n",
       "          -0.01245252,  0.01068175],\n",
       "         ...,\n",
       "         [-0.01245252,  0.05863255, -0.04317418, ...,  0.05863255,\n",
       "          -0.01245252,  0.01068175],\n",
       "         [-0.02674909,  0.02668729, -0.07637585, ...,  0.02668729,\n",
       "          -0.02674909,  0.02564997],\n",
       "         [-0.03356662,  0.05639038, -0.13147725, ...,  0.05639038,\n",
       "          -0.03356662,  0.03162316]],\n",
       " \n",
       "        ...,\n",
       " \n",
       "        [[ 0.49035559, -0.74372349,  0.09697033, ..., -0.74372349,\n",
       "           0.49035559, -0.53401728],\n",
       "         [ 0.1795215 ,  0.07381734,  0.86164041, ...,  0.07381734,\n",
       "           0.1795215 , -0.32432396],\n",
       "         [ 1.85371097, -3.60823011,  3.01265239, ..., -3.60823011,\n",
       "           1.85371097, -1.49611737],\n",
       "         ...,\n",
       "         [ 1.85371097, -3.60823011,  3.01265239, ..., -3.60823011,\n",
       "           1.85371097, -1.49611737],\n",
       "         [ 0.1795215 ,  0.07381734,  0.86164041, ...,  0.07381734,\n",
       "           0.1795215 , -0.32432396],\n",
       "         [ 0.49035559, -0.74372349,  0.09697033, ..., -0.74372349,\n",
       "           0.49035559, -0.53401728]],\n",
       " \n",
       "        [[-0.14258791,  0.21577442, -0.02651436, ...,  0.21577442,\n",
       "          -0.14258791,  0.15538782],\n",
       "         [-0.05204762, -0.02245785, -0.24915841, ..., -0.02245785,\n",
       "          -0.05204762,  0.09431903],\n",
       "         [-0.53993681,  1.05070262, -0.87682395, ...,  1.05070262,\n",
       "          -0.53993681,  0.43579357],\n",
       "         ...,\n",
       "         [-0.53993681,  1.05070262, -0.87682395, ...,  1.05070262,\n",
       "          -0.53993681,  0.43579357],\n",
       "         [-0.05204762, -0.02245785, -0.24915841, ..., -0.02245785,\n",
       "          -0.05204762,  0.09431903],\n",
       "         [-0.14258791,  0.21577442, -0.02651436, ...,  0.21577442,\n",
       "          -0.14258791,  0.15538782]],\n",
       " \n",
       "        [[ 0.07410833, -0.1120887 ,  0.01656743, ..., -0.1120887 ,\n",
       "           0.07410833, -0.08066695],\n",
       "         [ 0.02739145,  0.01120824,  0.12938352, ...,  0.01120824,\n",
       "           0.02739145, -0.04912287],\n",
       "         [ 0.277795  , -0.54142795,  0.45146904, ..., -0.54142795,\n",
       "           0.277795  , -0.22423783],\n",
       "         ...,\n",
       "         [ 0.277795  , -0.54142795,  0.45146904, ..., -0.54142795,\n",
       "           0.277795  , -0.22423783],\n",
       "         [ 0.02739145,  0.01120824,  0.12938352, ...,  0.01120824,\n",
       "           0.02739145, -0.04912287],\n",
       "         [ 0.07410833, -0.1120887 ,  0.01656743, ..., -0.1120887 ,\n",
       "           0.07410833, -0.08066695]]]),\n",
       " 'dda': array([[[-0.05752843, -0.03167516, -0.13418623, ..., -0.13418623,\n",
       "          -0.03167516, -0.05752843],\n",
       "         [ 0.09223858,  0.01609958,  0.28623943, ...,  0.28623943,\n",
       "           0.01609958,  0.09223858],\n",
       "         [-0.10378974, -0.11655561, -0.23589162, ..., -0.23589162,\n",
       "          -0.11655561, -0.10378974],\n",
       "         ...,\n",
       "         [ 0.09223858,  0.01609958,  0.28623943, ...,  0.28623943,\n",
       "           0.01609958,  0.09223858],\n",
       "         [-0.05752843, -0.03167516, -0.13418623, ..., -0.13418623,\n",
       "          -0.03167516, -0.05752843],\n",
       "         [ 0.05891632,  0.04047496,  0.10871718, ...,  0.10871718,\n",
       "           0.04047496,  0.05891632]],\n",
       " \n",
       "        [[ 0.03678763,  0.02214607,  0.06930903, ...,  0.06930903,\n",
       "           0.02214607,  0.03678763],\n",
       "         [-0.05761381, -0.01127662, -0.15585197, ..., -0.15585197,\n",
       "          -0.01127662, -0.05761381],\n",
       "         [ 0.08100063,  0.07095475,  0.12491381, ...,  0.12491381,\n",
       "           0.07095475,  0.08100063],\n",
       "         ...,\n",
       "         [-0.05761381, -0.01127662, -0.15585197, ..., -0.15585197,\n",
       "          -0.01127662, -0.05761381],\n",
       "         [ 0.03678763,  0.02214607,  0.06930903, ...,  0.06930903,\n",
       "           0.02214607,  0.03678763],\n",
       "         [-0.03727771, -0.02656329, -0.05638962, ..., -0.05638962,\n",
       "          -0.02656329, -0.03727771]],\n",
       " \n",
       "        [[-0.03356662, -0.02674909, -0.01245252, ..., -0.01245252,\n",
       "          -0.02674909, -0.03356662],\n",
       "         [ 0.05639038,  0.02668729,  0.05863255, ...,  0.05863255,\n",
       "           0.02668729,  0.05639038],\n",
       "         [-0.13147725, -0.07637585, -0.04317418, ..., -0.04317418,\n",
       "          -0.07637585, -0.13147725],\n",
       "         ...,\n",
       "         [ 0.05639038,  0.02668729,  0.05863255, ...,  0.05863255,\n",
       "           0.02668729,  0.05639038],\n",
       "         [-0.03356662, -0.02674909, -0.01245252, ..., -0.01245252,\n",
       "          -0.02674909, -0.03356662],\n",
       "         [ 0.03162316,  0.02564997,  0.01068175, ...,  0.01068175,\n",
       "           0.02564997,  0.03162316]],\n",
       " \n",
       "        ...,\n",
       " \n",
       "        [[ 0.49035559,  0.1795215 ,  1.85371097, ...,  1.85371097,\n",
       "           0.1795215 ,  0.49035559],\n",
       "         [-0.74372349,  0.07381734, -3.60823011, ..., -3.60823011,\n",
       "           0.07381734, -0.74372349],\n",
       "         [ 0.09697033,  0.86164041,  3.01265239, ...,  3.01265239,\n",
       "           0.86164041,  0.09697033],\n",
       "         ...,\n",
       "         [-0.74372349,  0.07381734, -3.60823011, ..., -3.60823011,\n",
       "           0.07381734, -0.74372349],\n",
       "         [ 0.49035559,  0.1795215 ,  1.85371097, ...,  1.85371097,\n",
       "           0.1795215 ,  0.49035559],\n",
       "         [-0.53401728, -0.32432396, -1.49611737, ..., -1.49611737,\n",
       "          -0.32432396, -0.53401728]],\n",
       " \n",
       "        [[-0.14258791, -0.05204762, -0.53993681, ..., -0.53993681,\n",
       "          -0.05204762, -0.14258791],\n",
       "         [ 0.21577442, -0.02245785,  1.05070262, ...,  1.05070262,\n",
       "          -0.02245785,  0.21577442],\n",
       "         [-0.02651436, -0.24915841, -0.87682395, ..., -0.87682395,\n",
       "          -0.24915841, -0.02651436],\n",
       "         ...,\n",
       "         [ 0.21577442, -0.02245785,  1.05070262, ...,  1.05070262,\n",
       "          -0.02245785,  0.21577442],\n",
       "         [-0.14258791, -0.05204762, -0.53993681, ..., -0.53993681,\n",
       "          -0.05204762, -0.14258791],\n",
       "         [ 0.15538782,  0.09431903,  0.43579357, ...,  0.43579357,\n",
       "           0.09431903,  0.15538782]],\n",
       " \n",
       "        [[ 0.07410833,  0.02739145,  0.277795  , ...,  0.277795  ,\n",
       "           0.02739145,  0.07410833],\n",
       "         [-0.1120887 ,  0.01120824, -0.54142795, ..., -0.54142795,\n",
       "           0.01120824, -0.1120887 ],\n",
       "         [ 0.01656743,  0.12938352,  0.45146904, ...,  0.45146904,\n",
       "           0.12938352,  0.01656743],\n",
       "         ...,\n",
       "         [-0.1120887 ,  0.01120824, -0.54142795, ..., -0.54142795,\n",
       "           0.01120824, -0.1120887 ],\n",
       "         [ 0.07410833,  0.02739145,  0.277795  , ...,  0.277795  ,\n",
       "           0.02739145,  0.07410833],\n",
       "         [-0.08066695, -0.04912287, -0.22423783, ..., -0.22423783,\n",
       "          -0.04912287, -0.08066695]]]),\n",
       " 'ddd': array([[[ 4.04019132e-02, -8.57137776e-02,  5.29459535e-03, ...,\n",
       "          -8.57137776e-02,  4.04019132e-02, -3.30753785e-02],\n",
       "         [-8.57137776e-02,  1.60784294e-01, -1.59605448e-01, ...,\n",
       "           1.60784294e-01, -8.57137776e-02,  7.16922763e-02],\n",
       "         [ 5.29459535e-03, -1.59605448e-01, -2.36335132e-01, ...,\n",
       "          -1.59605448e-01,  5.29459535e-03,  1.88642327e-04],\n",
       "         ...,\n",
       "         [-8.57137776e-02,  1.60784294e-01, -1.59605448e-01, ...,\n",
       "           1.60784294e-01, -8.57137776e-02,  7.16922763e-02],\n",
       "         [ 4.04019132e-02, -8.57137776e-02,  5.29459535e-03, ...,\n",
       "          -8.57137776e-02,  4.04019132e-02, -3.30753785e-02],\n",
       "         [-3.30753785e-02,  7.16922763e-02,  1.88642327e-04, ...,\n",
       "           7.16922763e-02, -3.30753785e-02,  2.67946125e-02]],\n",
       " \n",
       "        [[-2.12891058e-02,  4.60515380e-02, -3.80656073e-03, ...,\n",
       "           4.60515380e-02, -2.12891058e-02,  1.74487604e-02],\n",
       "         [ 4.60515380e-02, -8.36980876e-02,  1.15702107e-01, ...,\n",
       "          -8.36980876e-02,  4.60515380e-02, -3.88748282e-02],\n",
       "         [-3.80656073e-03,  1.15702107e-01,  1.25705815e-01, ...,\n",
       "           1.15702107e-01, -3.80656073e-03,  9.76513326e-04],\n",
       "         ...,\n",
       "         [ 4.60515380e-02, -8.36980876e-02,  1.15702107e-01, ...,\n",
       "          -8.36980876e-02,  4.60515380e-02, -3.88748282e-02],\n",
       "         [-2.12891058e-02,  4.60515380e-02, -3.80656073e-03, ...,\n",
       "           4.60515380e-02, -2.12891058e-02,  1.74487604e-02],\n",
       "         [ 1.74487604e-02, -3.88748282e-02,  9.76513326e-04, ...,\n",
       "          -3.88748282e-02,  1.74487604e-02, -1.41538373e-02]],\n",
       " \n",
       "        [[ 4.74249900e-03, -1.21701351e-02,  2.60650563e-03, ...,\n",
       "          -1.21701351e-02,  4.74249900e-03, -4.08121769e-03],\n",
       "         [-1.21701351e-02,  1.22651984e-02, -1.21344831e-01, ...,\n",
       "           1.22651984e-02, -1.21701351e-02,  1.16485731e-02],\n",
       "         [ 2.60650563e-03, -1.21344831e-01, -4.44037687e-02, ...,\n",
       "          -1.21344831e-01,  2.60650563e-03, -2.85123938e-03],\n",
       "         ...,\n",
       "         [-1.21701351e-02,  1.22651984e-02, -1.21344831e-01, ...,\n",
       "           1.22651984e-02, -1.21701351e-02,  1.16485731e-02],\n",
       "         [ 4.74249900e-03, -1.21701351e-02,  2.60650563e-03, ...,\n",
       "          -1.21701351e-02,  4.74249900e-03, -4.08121769e-03],\n",
       "         [-4.08121769e-03,  1.16485731e-02, -2.85123938e-03, ...,\n",
       "           1.16485731e-02, -4.08121769e-03,  3.47111575e-03]],\n",
       " \n",
       "        ...,\n",
       " \n",
       "        [[-5.48683499e-01,  1.14393174e+00, -5.43078020e-02, ...,\n",
       "           1.14393174e+00, -5.48683499e-01,  4.46825059e-01],\n",
       "         [ 1.14393174e+00, -2.25943437e+00,  1.10432499e+00, ...,\n",
       "          -2.25943437e+00,  1.14393174e+00, -9.40874207e-01],\n",
